rs intrinsics:
ppx:167.38 
ppy:117.689 
fx:309.414 
fy:312.495

20170416img-----------
1:2 match46
T=
   0.990061 -0.00327198      0.1406  -0.0125404
 0.00321908    0.999995 0.000603732   0.0102281
  -0.140601 -0.00014513    0.990066 0.000474387
          0           0           0           1

2:3 match136
T=
  0.991948 -0.0202974   0.125006  0.0277678
 0.0159915   0.999247   0.035353 -0.0174932
  -0.12563 -0.0330693   0.991526   -0.11604
         0          0          0          1

3:4 match106
T=
  0.986073 -0.0292016   0.163729 -0.0449507
 0.0220605   0.998731  0.0452655 -0.0422697
 -0.164843 -0.0410232   0.985466 -0.0747024
         0          0          0          1
